0: 210 164 42
3: 200
5: 42 36 37 39
8: 213
9: 164 39 42 214 215
14: 42 39
17: 229 232 233 235 242 243 246 251 252 253 254 255
20: 258 36 37 39 42
23: 384 386 387 393 42 395 398 399 400 401 210 403 404 405 381 382 383
27: 36 37 39 42 380
29: 417 380 341 414
33: 42 36 37 39
36: 36 37 39 425 42
37: 36 37 39 426 42
39: 472
42: 36 37 39 42 462 463 144 464 466 467 469 470 471 474
45: 42 36 37 39
48: 480 36 37 39 42 479
50: 483 484 164 39 489 42
54: 36 37 39 499 500 501 505 508 511
55: 42 36 37 39
56: 516 37 36 39 42
60: 553 554 555 556 559 560 562 566 568
61: 42 36 37 39
64: 576 164 583 584 39 42 571 573 574
66: 39 42 595 597 598 600 601 604 605 606
69: 0 609 610 3 387 617 618 619 620 622 624 626 537
73: 641 42 39
74: 644 37 36 39 42
77: 42 36 37 39
80: 37 39 42 654 657 659
81: 673 675 661 662 664 667 669 670
82: 258 37 39 42 144
83: 688 689 692
84: 704 705 37 39 42 694 696 702 703
87: 36 37 710 711 39 712 42
88: 714 715 716 717 729 351
89: 736 738 739 36 37 743 39 42
90: 752 753 757 758 762 766
92: 803 804 806 807 808 425 810 812
96: 834 838 839 822 825 827 829
104: 739 551 849 850 855 856 857 858 861 862 863
109: 872 870
110: 3 876 877
113: 36 37 39 42 883 886 888 890
126: 898 899 900 901 36 903 37 489 39 907 716 909
127: 3 739 39 42 912 913 914 734
131: 42 36 37 39
136: 930 931 933 37 39 935 489 42
140: 164 39 42 946 947 948 949 950
143: 42 36 37 39
144: 42 36 37 39
147: 258 37 39 42 144
148: 89 644 164 42 622 209 210 1049 1051 1052 1054 1055
149: 1057 1058 1062 39 42
154: 36 37 39 1065 42 1069 466
163: 258 3 39 42 1073 1010 287
164: 0 289 290 293 294 273 274 277 279 282 283 284
171: 36 37 39 42 1079
180: 354 356 358 359 360 361 345 351
182: 1104
184: 36 37 39 42 144
187: 425
190: 0 36 37 39 42 1109
194: 36 37
200: 36 37 39 42 1111
203: 258 36 37 39 42
208: 42 3 39
209: 42 36 37 39
210: 36 37 39 1128 42
213: 42 1137 209 1139 1140 1141 210 1145 1148
214: 42 36 37 39
215: 42 36 37 39
220: 644
225: 164 1157 42 209 210
226: 42 36 37 39
228: 36 37 39 1162 1163 42 1165
229: 1168
232: 164 42 1169 210 1171 1173
233: 36 37 39 1160 489 42 1177 1179 1180
235: 1185 1187 1188 739 39 533 862
240: 898 42 1005 1008 1009 1010 1014 287
242: 42 36 37 39
246: 39 42 1133 433 1204 1205 1206 1207 89 1210 1211 1180
251: 1248 1249 1227 1228 1230 1232 1234 1235 1238 1239 1240 1241 1243 1244 1245
252: 258 3 1260 1262 1263 1264 1265 144 851 1267 1269 1270
253: 1280 1279 1284 1285 39 489 42 1274 927
254: 1289
255: 164 39 42 1295 1296 1297 1298 1267 1300 927
257: 42 36 37 39
258: 42 36 37 39
262: 1304 1305 42 1302
265: 1344 1346 1347 1339 1341
266: 0 36 37 39 42
273: 1361 489 1369 1380
274: 42 36 37 39
277: 1353 1426 1428
279: 620 909 1430 1431 1433 1435 1437 1439
282: 1452 1455 624 83 1463 1055
283: 1475 1477 1479 1482 1484 1487 433 1267
284: 384 3 164 42 209 1490 210 1493
287: 326
289: 258 36 37 39 489 42 425 620 89
290: 42 36 37 39
293: 384 489 1546 1545 620 1549 1551 1553 1010 1556
294: 1573 1574 1577 1557 791 1561 1565
304: 42 36 37 39
305: 1609 42 1605 39
309: 36 37 39 42 1611
315: 425 1635
324: 1635 42 862 1618 1655 1661 1662
325: 1664 0 36 37 39 489 42
326: 1670
327: 1674 42 1676 144 210 339
334: 39 489 42 1678 1679 1681
339: 425
341: 42 36 37 39
342: 42 37 39
351: 36 37 39 1705 42 144
354: 42 36 37 39
358: 1728 3 42 209 434 210 1716 213 1718 1719 1720 1721 1722 1723 1726
359: 210 164 42
360: 3 1731 37 36 1733 39 42
363: 1760 1763 1764 1577 1751 1752 1756 1757 1759
364: 42 1772 39
367: 42 36 37 39
370: 1792 42 209 1778 210 1791 1782 1783 1786 1790 1759
371: 425 258 1799
372: 42 36 37 39
375: 209 210 164 42
376: 3
377: 258 164 42 1807 144 209 210 1759
380: 425
381: 36 37 39 42 1810 1817 1818 1822
382: 42 36 37 39
383: 1825 42 1827 39
384: 425
387: 425 1835 1837
388: 42 1843 1845 39
391: 384
393: 39 104 42 109 110 113
395: 42 36 37 39
398: 164 42 209 210 1847 1848
399: 1856 1859 1860 1349 37 39 42 143 1852
400: 36 37 1862 39 1863 42
401: 898 36 1866 1870 1873 149 1877 1878
403: 0 1889 1888 1890 1886 1439
404: 1894 1895 1896 1482 83
405: 39 42 1900 1901 1903 1905 1906 1592
411: 42 36 37 39
414: 42 36 37 39
417: 42 39
420: 209 210 604 42
422: 42 36 37 39
424: 149
425: 2080 2081 2082 2083 2084 2085 2092 734 2094 2098 2099 2078
426: 39 42 143 144 2104 2106 1279
427: 2113 2116 2117 2119 489 1085 2004 2111 89 2011 2109 862 351
431: 42 36 37 39
432: 36 37 39 42 2128
433: 2144 2145 2146 2147 2148 2151 2130 2132 2133 2134 2135 2137 2138 2142
434: 425 772 2157
436: 523 525 527 529 531 532 533 537 538 540 541 543
437: 2176 3 2180 2175
438: 42 36 37 39
439: 42 36 37 39
441: 209 210 164 42
442: 42 36 37 39
444: 2182 2184 2185 2193 149
445: 2210 3 2213 2214 2215 2216 2219 2225
446: 1280 2240 3 1285 862
449: 36 37 39 42 339 341
453: 144 425 1403 2252
462: 42 36 37 39
463: 89 2255
464: 2273 2275 2277 2279 2280 2258 2261 2267 2269
466: 37 39 551 42 2283
467: 232 2285 2286 2287 466 2292 2295 2297 2301 2302
469: 42 164 39 2303
470: 489 766 862
471: 42 36 37 39
472: 42 36 37 39
474: 2308 489 2315 2317 974 732
480: 36 37 39 42 89 862
481: 3 36 37 39 42
482: 209 210 42
483: 42 36 37 39
484: 2337 838 1799 2331 2332 2333 2334
489: 42 2347 39
493: 739 909 622 148 2358 2361 2362 2365 2366
499: 3 2372 2373 2382 2384 2385 2388 2389 89
500: 3 36 37 39 42
501: 36 37 39 42 77 80 81 82 83 84 87 88 89
505: 42 36 37 39
508: 144
511: 42 36 37 39
516: 42 37 39
519: 2404 42 209 210 1503
523: 36 37 39 489 42
525: 2410 42 2412 209 210
527: 36 37 39 42 2413
529: 42 36 37 39
531: 36 37 39 425 42
533: 36 37 39 42 2421 2422 2423
537: 2434 2436 36 2438 2439 37 2424 2425 2427 2428 2429
538: 36 37 39 2441 42
540: 42 2449 210 2451 209 2459
541: 2464 2465
543: 1280 1284 1285 39 42 857 1274 1279
551: 36 37 39 42 2479
553: 2496 2497 2499 36 2501 2502 39 37 42 2495
554: 42 36 37 39
555: 42 36 37 39
556: 36 37 39 42 862
559: 36 37 39 42 2511
560: 644 37 2534 39 36 42
562: 164 2537 2538 2539 42 209 210
566: 209 210 42
568: 0 2117 77 143 2544 851 2004 2548 1110 2549 2550 566 2365 1565
571: 36 37 39 42 2554 2555 2556
573: 42 164 39 2559
574: 144 42 37 39
576: 42 36 37 39
583: 42 39
584: 42 36 37 39
588: 144
592: 36 37 39 42 2650 2651 2652 2653
593: 2656 2657 2658 2660 2661 2662 2663 42 2667 209 210 2654
595: 1604 326 620 909 1905
597: 1986
598: 258 425 2679 2680 2681
600: 42 36 37 39
601: 42 36 37 39
605: 36 37 39 42 622
606: 2688 2689 2690 2691 2692 2694 39 42 2685 2687
609: 425 2530 2532
610: 164 210 2699 42
617: 425
618: 42 36 37 39
619: 2708
620: 164 39 42 2710 2711 2713
622: 2720 2722 2724 39 42 2715 2716 540 2718 2719
624: 425
626: 144 2729 2728 39
632: 1475 164 1477 1479 42 1482 2734 433 210 1267
634: 2754 2756 2757 2758 2741 2742 2743 2746 2748 2749
638: 164 42 209 2770 2771 2772 2774 89
640: 2784 2786 2787 83 1205 2777 858 2782 2783
641: 144 42 164 39
644: 36 37 39 489 42 2795 89
654: 384 36 1477 37 39 2826 2827 2828 1482 2830 42
657: 42 36 37 39
659: 36 37 39 42 2865 2867 2868
661: 36 37 39 42 2874
662: 36 37 3046 39 3048 42
664: 1922 1923 1924 37 1926 39 1928 36 42 1929 140 1919
667: 42 36 37 39
669: 644
670: 425
673: 0 164 42 1133 3056 209 210 3057 3062 3063 3064 1279
675: 36 37 39 42 3091 3092 3093
688: 39 3116 3118 3119 144 3124 3127 3128 3131
689: 36 3132
692: 3136 3137 3139 42 209 210 441 3133 3135
694: 89 42 37 39
696: 42 36 37 39
702: 3169 3175 425 617 624
703: 36 37 39 1160 42
704: 489 3177
705: 80 425 3178
708: 209 210 3179 42
710: 39 42 909 3184 3186 371 3188
711: 3200 36 37 39 42
712: 3202 3203 3205 3206 3207 3208 489 3209 3210 3211 3214 3215 2388 89 29
714: 42 36 37 39
715: 3223 42 3222 39
716: 164 39 42 3225 3165
717: 425 3231
729: 327
731: 644 37 36 39 42 3289
732: 42 36 37 39
734: 425
736: 1160 601
738: 36 37 39 42 3310 3313 3317 3003
739: 42 209 210 436 3320 3323 3324 3327
743: 1475 1477 1479 1482 2734 433 1267
752: 36 37 39 3367 42
753: 946 89 258
757: 42 36 37 39
758: 3392 3393 3399 3400 3382 3385 3391
762: 42 36 37 39
766: 42 36 37 39
772: 425
773: 425
774: 1728 3 3431 3432 489 3433 3435 3437 3438 3439 89
776: 3450 3452
779: 36 37 39 42 3454
789: 3473 42 39
790: 257 3043 3033 3034 3035 3037 3038
791: 42 36 37 39
794: 3488 39 3476 3478 3483 3485 3487
795: 3490
796: 36 37 39 3495 3497 42
797: 258 39 3498 42 3504 3505 3506 3508 3509 3510
799: 36 37 39 42 3516 3517
803: 2081 3522 36 3526 3528 3529 3533 3535 3537 3538
804: 3 36 37 39 489 42 3542 3543
806: 425 3549
807: 3552 36 37 39 42
808: 425 3554
810: 3557 3558 3559 3560 3562 3568 3569 3476 149
812: 36 37 39 42 3572
815: 42 36 37 39
816: 3585 3586 3587 3589 3590 1104 3450 3580 3102
817: 164 39 872 3594 42 3596 3341 2137
822: 258 3 622
825: 36 37 39 42 3608
827: 42 36 37 39
829: 42 36 37 39
834: 42 36 37 39
838: 0 36 37 39 42
839: 42 36 37 39
840: 425
849: 931 3654 39 42 3658 2988 371 372 1503
850: 36 37 39 2986 42 2988 2989 2991 144
851: 42 36 37 39
852: 258 739 3716 3717 42 209 210
854: 0 3 5 8 9 14 17 20 23
855: 0 164 3718 3719 42 3723 3725 3728 209 210 1279
856: 2722 3747 3751 3730 3734 3736 3739 3740 3741 3743
857: 1280 164 1285 42 3758 3760 3761 3762 3763 209 210
858: 936 3775 3764 3765 3767 3771 3772 3774 1503
861: 1280 3778 3779 164 42 210 1279
862: 1280 3781 3783 42 3787 209 210 1274
863: 209 210 164 42
870: 3842 3203 3843 3844 3845 3830 3833 3834 3837 3838 3839
872: 2128 3857 209 1274 1279
876: 3874 3875 708 3876 3878 3077 39 3884 3885
877: 3 164 42 209 210 89
879: 209 210 42 862
883: 39 42 3916 3917 3918 3920
886: 3936 3169 3939 3940 3942 3943 3928
888: 3 42 140 3952 209 210 3953
890: 1280 3 42 209 210 3959 89 3546
898: 0 4032 4033 4035 4037 4038 4040 4020 4021 3508 4023 4025 4026 4027 4028 4029 4031
899: 42 36 37 39
900: 4049 4050 4045 4046
903: 739 327 620 4051 4054 89 3450
907: 144 42 164 39
909: 164 42 209 210 4060
912: 89
913: 2720 4065 4066 4068 4069 1546 543 1944 4061 4063
914: 164 489 42 4077 4078 4081 210 209
920: 209 210 42
925: 0 739 1906 532 2421 533 3668 1211 862
927: 4128 4129 42 4112 4113 4114 4115 4116 209 210 4126
930: 42 4142 209 210 4146 4150 441 4154
931: 164 42 209 210 89
933: 42 36 37 39
936: 36 37 39 42 4247 4249 4250 4251
937: 36 37 39 42 620 3026 3027 1877 90
939: 258 36 37 39 42 144
942: 42 36 37 39
943: 425
946: 4259 4260 37 4262 39 42
947: 42 36 37 39
948: 37 2399 39 42 143 383
949: 209 210 164 42
950: 489 4366 4367 4368 4370 4371
955: 425
957: 425 4394
958: 42 36 37 39
959: 42 36 37 39
960: 425
961: 4400 739 4397 143
962: 2564 2565 2566 39 2568 42 2572 2573 2574 2575 2576 2578
972: 36 37 39 489 42
973: 42 36 37 39
974: 42 36 37 39
975: 42 36 37 39
979: 42 36 37 39
984: 42 36 37 39
987: 4451 4454 4455 327 425
996: 0 644 37 36 39 42
1000: 36 37 39 42 4479
1003: 89
1005: 36 37 39 489 42
1008: 0 898 39 42 4536 4537 4540 4542
1010: 4544 425
1014: 4546 4547 36 37 326 39 42
1017: 425
1018: 258
1021: 36 37 39 489 42
1033: 36 37 39 42 620
1041: 425
1047: 425 4655 4657 1265 2269
1049: 851 2365 4663
1051: 739 37 39 42 862
1052: 4704 4705 4709 4712 425 1679
1054: 42 36 37 39
1055: 36 37 39 425 4714 42
1057: 804 1870 4719 4720 4721 4723 3830 732
1058: 425
1062: 4729 425 4727
1065: 4737 36 37 39 42 909 305 2550
1069: 258 2109 862 1922
1071: 425
1073: 42 36 37 39
1074: 4770 4771 36 37 39 42
1077: 4777 4779 4781 4775
1079: 644 425 1934 1935 1937 1938 1939 1940 1944
1085: 3 164 422 42 210 4792
1087: 4800 4802 36 37 39 42 77 2834
1090: 42 36 37 39
1091: 36 37 39 4807 42 2078
1094: 425 4810 4813
1095: 1033 339 1017 1018 604 1021
1099: 36 37 39 42 144 4825
1100: 4833 996 4836 422 489 624 1010 3672 4826
1101: 164 4841 42 4845 209 210
1104: 425
1109: 840 4872 4866
1110: 2945 4873 425 4875 620 4882
1111: 4900 39 42 2480 2715 4893
1113: 36 37 39 42 4954
1114: 2113 36 37 39 42 4957 1439
1116: 1955 1959 1960 1962 1965 1966 1967 1968 1969 1948
1118: 4993 4995 42 89 4986 4987 4989
1128: 144 209 210 42
1130: 144 42 39 5071
1132: 425
1133: 2024 5098 973 5101 5102 912 5107 4247
1135: 739 37 39 42 213
1136: 425 3476
1137: 3066
1139: 2976 2977 258 2978 2961 2962 1394 2966 2967 2969 2972
1140: 5120 257 5121 5123 4260 5117
1141: 258 36 37 39 42 351
1145: 425 644
1148: 5152 5140 5144 5145 5148 5149 5150
1151: 1280 5178 2821 489 5173 5177 1274 5181 446 1279
1157: 5187 36 37 39 5191 42
1160: 42 36 37 39
1162: 1280 5222 39 5224 42 1274 1279
1163: 327 425 5226 620 5231 5233 3476
1165: 209 210 42
1168: 5243
1169: 0 5249 5250 5248 42 209 210 342 471
1171: 425 258 3476
1173: 425
1177: 425 2956
1179: 144 42 37 39
1180: 425
1185: 425 326
1187: 258 804 489 42 598
1188: 89
1196: 42 36 37 39
1204: 489 1322 2549
1205: 4547 644 37 39 42 89
1206: 425 551
1207: 42 164 39
1210: 0 42 39
1211: 425
1217: 164 42 144 209 210
1218: 489
1223: 425
1225: 425 1679
1227: 4873 2082 2100 2081
1228: 1604 325 1545 717 857 444 927
1230: 5203 5207
1232: 144
1234: 0 36 37 327 39 42 89
1235: 257 324 325 326 327 144 149 315 316
1238: 258 2117 1919
1239: 1890 739 551 2123 4142 4434 4435 4436 3476 3895 4441 4443 4439
1241: 425
1243: 209 210 42
1244: 42 36 37 39
1245: 644 3783 42 432 433 434 209 210 438 439 441
1248: 425
1249: 42 36 37 39
1254: 1280 3779 1285 39 42 1274
1255: 425
1260: 425
1262: 164 39 489 42 210
1264: 42 39
1265: 0 909 654 4826 1565
1267: 739 422 327 812 144 624 2358 2365 927
1269: 36 37 1989 39 42
1270: 2720 384 325 489 1298 2548 2358 601 862 351
1274: 2720 39 743 42 144 862
1279: 425
1280: 89 42 39
1284: 1989 1990 743 359 1991 1998 1999 2000 433 2003 2004 597
1285: 42 39
1286: 425 3
1287: 3671
1289: 36 37 39 42 144 4959
1295: 3689 3690 3691 3692 3693 426 3695 3700 3704 3709
1296: 42 36 37 39
1297: 425
1298: 209 210 42
1300: 425
1302: 425 4682 258 3268
1304: 0 425 3450
1305: 209 210 42 5207
1322: 0 42 209 210 862
1339: 42 36 37 39
1341: 425
1344: 489 210 42
1347: 5049 3483
1349: 42 36 37 39
1350: 1477 37 39 1479 42 1482 2734 433 1267
1351: 42 37 39
1352: 258
1353: 258 4723 531 533 2421 3671 532
1356: 3 851 493
1360: 2560 739 37 39 42 77 5107 3127 734
1361: 489 2642 42 39
1369: 36 37 39 551 42
1380: 0 42 164 39
1390: 425
1394: 42 36 37 39
1395: 42 36 37 39
1399: 42 36 37 39
1400: 425
1401: 3943 2828 3728 1010 2109 927
1402: 425
1403: 209 210 164 42
1404: 3 489 42 1165 334 1934 89
1406: 42 37 39
1408: 42 36 37 39
1409: 3936 540 877
1412: 258 36 37 39 42 2956
1413: 425 739
1415: 144 425 2117
1419: 425
1425: 425
1426: 42 36 37 39
1428: 425
1430: 42 1165 39
1431: 425
1433: 1742
1435: 425
1437: 425
1439: 2560 772 996 551 489 42 812 620 4723 862
1452: 36 37 39 42 4188
1455: 37 39 327 42 4762
1463: 0 425
1466: 42 36 37 39
1475: 42 39 1479
1477: 42 36 37 39
1479: 425 4826 387 620
1482: 425
1484: 42 36 37 39
1487: 209 210 42
1490: 425
1493: 3 36 37 39 42
1500: 36 37 1349 39 42
1503: 42 36 37 39
1504: 425
1506: 425
1513: 209 210 164 42
1515: 39 42 143 2004 351
1517: 0 489 1662 551
1518: 36 37 39 489 42 1939
1526: 209 210 42
1528: 644 37 36 39 42
1531: 42 36 37 39
1532: 144 42 164 39
1533: 42 36 37 39
1535: 36 37 39 42 144 339 351
1537: 3
1545: 144 425
1546: 42 644 39
1549: 42 39
1551: 425 2651 1799
1553: 42 36 37 39
1556: 425 797
1561: 164 2279 489 42 209 210
1565: 42 36 37 39
1573: 36 37 39 42 144
1574: 36 37 39 42 144
1577: 489
1581: 96 654 4468 4469 4473 4476 4477
1587: 37 39 42 1873 3034 3035 4540
1588: 42 36 37 39
1589: 930
1590: 144
1591: 42 36 37 39
1592: 293 42 3215 210 927
1594: 0 489
1599: 4288 4290 3557 4295 4296 489 4298 4283
1601: 144 425
1603: 164 42 909 595 862
1604: 257 3728 2548 601 351
1609: 2888 2548 1110
1610: 42 36 37 39
1611: 1477 37 1479 39 1482 42 2734 433
1618: 425
1621: 4960 4967 4968 4969 4972 4973 4975 144 17
1623: 37 909 3102
1629: 42 3 37 39
1632: 425
1635: 2945 2947 2949 2950 2952 2931 2100 2932 2934 2939 2940 2941
1640: 42 36 37 39
1647: 644 37 36 39 42 2361
1648: 425
1655: 3 425 4435 149
1661: 209 210 3 42
1662: 325 42 209 3634 3635 210 3638 3639 3641 3643 734
1664: 144 862 551
1670: 36 37 69 39 42 3276
1674: 937 326
1676: 209 210 164 42
1678: 425
1679: 42 39
1681: 644 37 36 39 42
1682: 3200 257 3 3943 42 4051
1683: 1604 4069 425 3276 4439 3038
1685: 36 37 39 42 605
1686: 1280 3779 1285 42 209 210 1274 1279
1687: 1280 3779 1284 1285 42 144 209 210
1689: 42 36 37 39
1691: 210 164 42
1697: 4682 4684 4687 4688 4690 4691 4692 4696 2365
1698: 36
1700: 384 489 732
1702: 209 210 164 42
1705: 425
1711: 42 39
1712: 36 37 39 5033 42 489
1716: 739 1188 37 36 39 42 1712
1720: 5057
1721: 42 36 37 39
1722: 644 37 36 39 42 4723
1726: 42 39
1728: 4833 4260 3077 39 42 144 2718
1730: 225 36 37 39 42 144 27
1731: 42 144 210 5140 438
1733: 425 909
1742: 1730 42 1228 1232 1234 3956 436 3508 2325 4383
1744: 425
1747: 42 36 37 39
1752: 209 210 164 42
1756: 489 42 37 39
1757: 425
1759: 36 37 927
1760: 209 210 164 42
1763: 210 164 42
1764: 257 433 1235 3956 1239 537 4925 4383
1772: 42 36 37 39
1774: 425 2642
1776: 42 36 37 39
1778: 257 1390 425 566
1782: 2362 644 2358
1783: 144 425
1786: 144 425 696
1790: 2544 425
1791: 425 2358
1792: 425
1793: 1284 3077 5233 3959 89
1795: 42 36 37 39
1799: 425
1800: 42 36 37 39
1801: 3 39 42 1482 209 210 89
1803: 42 39
1807: 42 36 37 39
1810: 42 164 39
1817: 164 2537 42 209 210
1818: 42 36 37 39
1822: 0 164 39 42 2334
1825: 425
1827: 425
1833: 42 36 37 39
1837: 425
1845: 425
1847: 2821 489 42 209 210 441 1274 446 1279
1848: 425
1852: 425 258
1856: 42 36 37 39
1859: 425 3557
1860: 42 39
1862: 5216 5217 4243 2580
1863: 425
1866: 1618
1870: 36 37 39 4872 489 42
1873: 258 42 39
1877: 425
1878: 42 36 37 39
1885: 2787 1479 4142 849 850 852 854 856 861 863
1886: 0 42 164 39
1888: 0 387 39 42 1265
1889: 4562 164 42 39
1890: 2532 4581 4583 4561 4562 4564 4565 4566 4569 4570 4571 4575
1894: 425
1895: 144 2720 383
1900: 144 42 258 39
1901: 425
1903: 425
1905: 210 164 42
1906: 644
1913: 42 36 37 39
1919: 489
1922: 425
1923: 257 42 164 975
1924: 0 149 3830
1926: 42 36 37 39
1928: 601 732 2004
1929: 489 210 164 42
1934: 258 36 37 39 200 42
1935: 42 36 37 39
1937: 3 36 37 39 42
1938: 304 305 299 309
1939: 425
1940: 425 2879
1944: 42 36 37 39
1948: 258
1955: 425
1959: 89
1960: 42 37 39
1962: 425
1965: 377 3476
1966: 209 210 42
1967: 209 210 42
1968: 425
1969: 42 36 37 39
1970: 3572 3830
1977: 433
1978: 1565 4557
1979: 42 36 37 39
1980: 42 36 37 39
1981: 258
1985: 3299 164 42 209 210
1986: 425
1989: 42 36 37 39
1990: 425
1991: 2537 4761 425 1599
1998: 42 39
2000: 42 36 37 39
2003: 425
2004: 425
2011: 425 3
2013: 36 37 39 489 42
2024: 42 36 37 39
2027: 42 36 37 39
2034: 3
2038: 42 37 39
2039: 2117 144 83 3476 2421 4826 732
2042: 425
2046: 42 164
2047: 425
2049: 37 2117 4775 909 4051 149
2052: 42 36 37 39
2054: 42 36 37 39
2055: 489 210 209 42
2058: 425 258
2069: 3066 36 37 39 743 42 3034
2071: 425
2073: 42 36 37 39
2075: 258 42 551
2078: 425
2081: 42 36 37 39
2082: 425
2083: 209 210 42
2084: 425
2085: 425
2092: 42 36 37 39
2094: 425
2098: 1905 258 595 537
2099: 258 4935 4942 83 4762 282 4925 4926
2100: 489
2104: 425 2482
2106: 42 36 37 39
2109: 42 39
2111: 425
2113: 164 39 42 622 1390
2116: 42 37 39
2117: 3936 1017 420
2119: 0 739 3340 3341 3343 3346 3347 3348 3353
2125: 3 37 39 42 3675
2128: 0 1475 2729 2734 433 209 210
2130: 36 37 39 42 5243
2132: 42 37 39
2133: 0 36 37 39 42
2134: 0 42 209 210 694
2135: 4260
2137: 425
2138: 89 164 3335 42 144 209 210 2393
2142: 258 61
2144: 42 36 37 39
2145: 36 37 39 327 42 144
2147: 2720 36 37 39 42
2148: 164 39 42 2166 2167 2172 2173 2174
2151: 1565 326
2153: 42 164 39
2154: 144 425
2155: 144 425
2157: 4435
2159: 164 42 2734 209 210
2161: 42 36 37 39
2162: 209 210 42
2166: 0 209 210 42
2167: 425
2172: 209 210 164 42
2174: 209 210 164 42
2180: 42 39
2182: 425
2184: 425
2185: 36 37 39 489 42
2193: 0 257 258 164 262 265 42 266 209 210
2206: 425
2210: 42 36 37 39
2213: 3 164 489 42 210
2214: 425 2834 838
2215: 425
2216: 258 739 39 42 862
2219: 0 3105 3106 3107 3108 37 36 39 42
2225: 42 36 37 39
2232: 425 3
2240: 425
2247: 425 1386
2249: 258 37 39 42 144
2252: 425
2255: 425
2258: 0 42 815 210 27
2269: 42 36 37 39
2273: 42 36 37 39
2277: 36 37 39 489 42
2279: 42 36 37 39
2280: 209 210 42
2283: 425
2286: 2609 4138
2287: 0
2292: 425
2295: 42 37 39
2297: 36 37 39 42 144
2301: 425
2302: 36 37 39 489 42
2303: 42 36 37 39
2308: 739 42 912 913 914 734
2315: 37 39 583 42 2424
2317: 210 164 42 326
2319: 42 36 37 39
2321: 42 39
2322: 36 37 4262 39 42 1901 1873
2323: 3 36 37 39 42
2324: 42 36 37 39
2325: 42 36 37 39
2331: 425
2332: 42 931 164 39
2333: 42 39
2334: 42 36 37 39
2337: 0 425
2340: 425
2341: 42 36 37 39
2342: 36 37 2117 39 42 2842
2347: 42 36 37 39
2350: 36 37 39 2024 489 42
2351: 425
2352: 36
2353: 36 37 39 42 144
2354: 42 39
2358: 257 258 327 39 42 1549
2361: 425
2362: 489 425 766
2365: 42 36 37 39
2366: 1280 3779 1285 4040 144 1274 1279
2367: 551
2372: 42 36 37 39
2373: 164 489 42 209 210
2382: 257 3476 2358
2384: 304 425 144
2388: 425
2389: 209 210 164 42
2392: 42 427 431 432 433 434 209 436 437 438 439 210 441 442 444 445
2393: 3074 3076 3077 164 39 3079 42 3065 3066 3071
2397: 42 36 37 39
2399: 258 4420 4422 39 42 4428 4429
2400: 144 425
2404: 425
2410: 164 489 42 209 210
2412: 42 39
2413: 425
2421: 425 909
2422: 42 36 37 39
2423: 42 36 37 39
2425: 384 36 37 39 42 732
2427: 42 5067 5068 209 210
2428: 42 37 39
2429: 3 36 37 39 42
2434: 42 36 37 39
2438: 42 36 37 39
2439: 42 36 37 39
2441: 804 37 36 39 42
2449: 42 36 37 39
2451: 537 42 3 2078
2464: 3671
2465: 425 3
2466: 42 164 39
2469: 1280 3779 739 1285 164 42 210 1274 1279
2471: 384
2473: 1254 743 42 620 209 210 1267 2358
2480: 4469
2481: 425 3003
2482: 42 36 37 39
2484: 42 39
2486: 42 36 37 39
2488: 425 258
2490: 425
2492: 996 37 36 39 42
2493: 42 37 39
2495: 42 36 37 39
2496: 36
2497: 425 4761 4762 4763 4765
2499: 425
2501: 2146 2117 77
2502: 2694
2511: 489 425 3476
2522: 425
2524: 425
2525: 644 37 36 39 42
2526: 425
2527: 425
2528: 42 36 37 39
2530: 42 164 39 551
2532: 42 36 37 39
2534: 42 1395 933 4142
2537: 0 37 39 42 144 4054 89 3034
2538: 144 425
2539: 425
2548: 425
2550: 42 36 37 39
2554: 42 36 37 39
2555: 210 164 42
2559: 4345 1116
2560: 42 36 37 39
2563: 425 420 1604
2564: 425
2565: 489 210 209 42
2566: 425
2568: 425
2572: 164 42 209 210 1110
2573: 144
2574: 1712 601 427 2004
2575: 36 37 39 42 2161
2576: 425
2578: 425 1386
2580: 425
2583: 164 39 42 5243 351
2584: 425
2585: 425 92 4893 2783
2587: 425
2592: 1280 2821 1274 446 1279
2593: 425
2597: 425
2599: 42 36 37 39
2600: 37 39 489 42 89
2607: 42 36 37 39
2609: 210 164 42
2614: 4761 3 4405
2623: 425
2627: 425 258
2630: 42 36 37 39
2633: 425
2635: 4952 42 4950 39
2636: 1280 3 438 3135
2642: 425
2644: 210 164 42
2650: 4675
2651: 4435
2652: 2024 425
2653: 42 164 644 39
2654: 209 210 3 42
2656: 42 36 37 39
2658: 209 210 164 42
2660: 42 36 37 39
2661: 2568
2662: 89 739
2667: 209 210 42 909
2679: 42 36 37 39
2680: 1188 37 36 39 42 601
2681: 42 36 37 39
2685: 4609 4611 4612 4613 4614 4618 4624 4603 4604 4605 4606 4607
2687: 425 1799
2688: 4772 37 36 39 42
2689: 144 425
2690: 4772 42 209 210 2388
2691: 425
2692: 425
2694: 42 36 37 39
2697: 425
2702: 42 36 37 39
2703: 425
2704: 384 3617 3619 3620 3623 42 3626 3627 943 209 210 3613 3614 3615
2708: 144 425
2710: 209 210 42
2711: 42 37 39
2713: 425
2715: 144 89 326
2716: 42 39
2718: 42 36 37 39
2719: 36 37 39 42 2078
2722: 425
2724: 42 36 37 39
2728: 144 258 1556
2729: 3 36 37 39 42
2731: 36 37 39 42 144
2734: 920 4761 1599
2741: 425 909
2742: 36 37 2117 39 42 1978
2743: 384 42 1565
2746: 489 42 37 39
2748: 144 3
2749: 209 210 164 42
2754: 42 36 37 39
2756: 425
2757: 3 36 37 39 42
2758: 384 140
2762: 2560 5171
2763: 739 551 42 209 210 89
2764: 42 36 37 39
2770: 144 2482 200
2771: 36 37 39 489 42
2772: 425
2774: 2434
2777: 42 1870 39
2782: 425
2783: 4547 996 383 1870 927
2786: 42 36 37 39
2787: 36 37 39 489 42
2788: 210 164 42
2795: 42 36 37 39
2811: 3077 1160 3497 909 4142 351
2813: 425 898 2004 2117
2820: 425 644
2821: 4657 732
2824: 2011 3476 909 1807
2826: 425 258 1604 2550
2827: 42 36 37 39
2828: 144
2830: 425
2831: 804 37 36 39 42 4468 2716 1662
2832: 258 3 2716
2834: 42 36 37 39
2835: 0 36 37 39 42
2838: 425 2486
2840: 0 4212
2842: 42 36 37 39
2843: 0 425
2847: 425 2660
2848: 209 210 164 42
2849: 36 37 39 425 42 1870
2865: 36 37 39 42 1980 605
2874: 258 36 39
2879: 425 4682
2888: 425
2907: 42 36 37 39
2912: 2184 1905 27 598
2913: 144 3973
2915: 144 42 3 39
2916: 1394
2918: 36 37 39 42 2827
2920: 425
2921: 425
2927: 425
2928: 42 36 37 39
2931: 164 39 551 42 2830
2932: 42 36 37 39
2934: 3
2940: 425
2941: 425
2945: 425
2947: 258 3 36 37 39 42
2949: 3 36 37 39 42
2950: 644 37 39 42 913
2952: 425
2956: 425
2961: 89 1877
2962: 36 37 39 42 3020
2966: 425
2967: 42 36 37 39
2969: 425
2972: 425
2976: 164 42 209 210 2004 601 2011 2013 927
2977: 144 42 39
2978: 3476
2981: 42 36 37 39
2986: 489 42 39
2988: 42 37 39
2989: 258 39 42 1265 27
2991: 3267 3268 5207
2997: 42 36 37 39
2998: 425
3000: 425 909 1662
3002: 42 36 37 39
3003: 3 164 42 209 210
3005: 425
3012: 425 258 879
3017: 739 36 37 39 42 732
3018: 425
3020: 739 912 913 914 601 734
3026: 425
3027: 425 1394 4925
3033: 425
3034: 42 36 37 39
3035: 209 210 42
3037: 36 37 39 42 812 703
3038: 739 36 37 39 42
3043: 3 42 144 209 210 89
3046: 42 36 37 39
3048: 489
3050: 164 39 42 1009 1010 89
3056: 489 425 3038
3062: 425
3063: 425
3064: 4691 1679
3065: 489 42 3267 39
3066: 258 739 4765
3071: 4873 42 144 5041 210 209
3074: 42 37 39
3076: 2537
3077: 42 36 37 39
3079: 42 39
3081: 36 37 39 426 42 3661
3088: 140 143 144 147 148 149 154
3091: 42 36 37 39
3092: 144 425
3093: 425
3096: 4960 39 743 42 144
3097: 42 39
3100: 3 36 37 39 42
3101: 4368 2809
3102: 489 42 37 39
3105: 42 36 37 39
3106: 37 39 42 144 89
3107: 258 36 37 39 42
3108: 644 37 36 39 42
3112: 0 36 37 39 42
3114: 425
3116: 425
3118: 425
3119: 0 36 37 39 42
3124: 489 425
3127: 1280 1284 1285 4556 3476 857 1274 1279
3128: 1136 1274 29
3131: 3741 2501 3526
3132: 42 164 39
3133: 425
3135: 42 36 37 39
3136: 36 37 39 42 89
3137: 144
3139: 144 425 1535 351
3147: 3299 42 140 209 210
3148: 0 36 37 39 42
3150: 425 3
3152: 489 3
3158: 36 37 39 42 144 4925
3159: 743
3160: 425
3161: 425
3169: 144 898
3175: 425
3177: 425
3178: 425 551 1807
3179: 42 36 37 39
3186: 1304 5255
3188: 2947 36 37 39 42
3200: 36 37
3202: 4368 2055
3203: 480 3450 739
3205: 489 37
3207: 37 39 42 144 472
3208: 1856 425 851
3209: 42 36 37 39
3211: 42 36 37 39
3214: 2482 1356
3215: 42 36 37 39
3219: 996 1439
3221: 36 37 39 42 3324
3222: 42 36 37 39
3223: 36 37 39 489 42
3225: 739 743 489 912 862 913 734
3231: 209 210 164 42
3239: 3 164 42 209 210
3255: 425
3257: 258 36 37 39 42
3260: 257 898 3299 2117 425 851 2078
3263: 425
3265: 425 258
3267: 42 37 3542 39
3268: 425
3269: 912 4547
3273: 4761 425
3274: 0
3276: 209 210 164 42
3277: 425
3278: 42 36 37 39
3279: 0 1604 2117 996 4439
3280: 210 164 42
3287: 425
3289: 5036 5041 5046 5049 5052
3293: 42 36 37 39
3298: 42 3 39
3299: 425
3310: 42 36 37 39
3313: 425 258
3317: 42 36 37 39
3320: 42 36 37 39
3323: 144 1592 1604
3324: 1545 1546
3327: 425
3335: 36 37 39 42 2365
3337: 425
3340: 42 39
3343: 0 89 164 39
3346: 144 42 2365
3347: 42 36 37 39
3348: 42 39
3353: 42 36 37 39
3356: 0 425 143
3358: 489 425
3363: 3 1284 1482 1267 857
3364: 425 644
3367: 425
3371: 36 37 39 42 1116
3373: 89 42 37 39
3376: 3 734
3377: 3 36 37 39 42
3382: 425
3385: 42 36 37 39
3391: 425 4826 3 3476
3392: 42 36 37 39
3393: 0 1010
3399: 42 39
3400: 258 36 37 39 42 3857
3401: 425
3403: 425
3404: 3 4435 2117
3405: 425 4493 2991
3406: 3 3594 42 433 434 209 210 438 439 446
3407: 36 37 39 489 42
3410: 0 772 3077 39 909 4051 149
3412: 425
3419: 425 258
3421: 0 89 144
3423: 425
3427: 1482 42 164 39
3428: 209 210 42
3431: 164 39 489 42 144
3435: 425
3437: 144 1664
3438: 144 233
3439: 595 39
3450: 36 37 1733 39 42
3452: 425
3458: 42 39
3460: 425
3461: 144
3463: 42 36 37 39
3468: 42 36 37 39
3473: 258
3476: 42 39
3478: 36 37 39 42 144 377
3483: 42 36 37 39
3487: 164 42 209 210 20 2393 1274 1279
3488: 425
3490: 425
3497: 425 258 3
3498: 3335
3504: 425
3505: 425
3506: 42 36 37 39
3508: 5120 37 2117 39 42
3509: 209 210 42
3510: 144 425
3516: 425
3517: 258 36 37 39 42
3522: 36 37 39 42 909
3526: 144 425 90 551
3528: 425
3529: 425
3533: 144
3535: 3077 489 425 909 654
3537: 1977
3542: 42 36 37 39
3543: 0 164 42 209 210
3546: 36 37 39 42 144
3549: 42 36 37 39
3552: 425
3554: 425 2117
3557: 42 36 37 39
3558: 36 37 39 42 620 624 144
3559: 258 739 996 4068 1546 862 2334
3560: 425
3562: 425
3568: 42 39 583
3569: 89 3
3571: 425
3572: 36 37 39 42 351
3574: 2928
3585: 425 258
3586: 37 39 42 144 732
3587: 425
3589: 96 36 37 39 42 90 92 94
3590: 144 425 3280
3594: 601 927
3596: 42 36 37 39
3605: 425
3606: 36 37 39 42 144
3607: 258 3
3608: 42 36 37 39
3614: 258
3615: 4925 39
3617: 425
3619: 425
3620: 1280 1284 1285 39 42 857 1274 1279
3623: 425 3
3626: 3
3627: 42 164 39
3635: 425
3638: 644 36 37 39 42 909 342 3830
3639: 36 37 39 42 149
3643: 42 36 37 39
3645: 425
3647: 42 36 37 39
3654: 144
3658: 0 3 42 209 210 4826
3661: 996 743
3668: 425
3671: 42 36 37 39
3672: 200
3675: 42 36 37 39
3679: 425
3683: 425
3685: 0 36 37 39 42
3688: 425
3690: 42 39
3691: 3012 42 432 433 434 209 210 438 439 441
3692: 2537 258 425
3695: 862 739 4020 4662
3700: 0 164 1477 42 210 472
3704: 3 36 37 39 42
3716: 425
3717: 425
3718: 304
3719: 0 2560 4260 4873 2549 2421 3450
3723: 209 210 42 77
3725: 0 164 42 209 210 1267
3728: 209 210 42 927
3730: 0 4142 437 1274 1279
3734: 42 36 37 39
3736: 258
3739: 144 425 620
3740: 42 37 39
3741: 425
3743: 42 39 471
3747: 425
3752: 489 42 37 39
3754: 644 37 36 39 42 3005
3758: 3516
3760: 425
3761: 209 210 164 42
3762: 42 39
3763: 3 36 37 39 42
3764: 36 37 39 42 144
3767: 42 36 37 39
3771: 290 3 42 39
3774: 42 36 37 39
3775: 42 36 37 39
3778: 209 210 42
3779: 37 39 42 144 1877 2715
3781: 425
3783: 3 36 37 39 42 90
3787: 425
3794: 541
3798: 42 2388 39
3799: 425
3800: 42 36 37 39
3803: 42 36 37 39
3804: 2528 42 39
3806: 425 909
3809: 209 862
3810: 304 425 4655
3811: 144
3813: 36 37 39 42 144
3817: 42 36 37 39
3818: 489 425
3821: 425
3822: 0 3
3824: 42 36 37 39
3825: 42 36 37 39
3830: 42 36 37 39
3833: 0 39 42 3066 27
3834: 1604 37 36 39 42
3837: 42 164 39
3838: 425
3839: 42 36 37 39
3842: 33 36 37 39 42
3843: 4826 1679
3844: 209 210 164 42
3845: 3 164 42 144 210
3851: 42 164 39
3857: 42 164 39
3861: 425
3868: 42 36 37 39
3870: 425
3874: 36 37 39 42 4761
3875: 209 210 644 42
3878: 425 2718
3884: 425 90
3885: 42 36 37 39
3887: 233 425
3890: 5144
3891: 258 164 42 209 210
3894: 36 37 39 3658 3403 42 2073
3895: 42 36 37 39
3896: 42 36 37 39
3917: 425
3918: 42 36 37 39
3920: 601 4882 531 620
3923: 2285
3925: 36 37 39 489 42 2358
3926: 42 37 39
3928: 42 36 37 39
3936: 42 36 37 39
3939: 425
3940: 425
3942: 42 39
3943: 425 914 4925 326
3952: 36 37 39 743 42 4439
3953: 425
3956: 42 39
3959: 425
3960: 0 4547 739 734 77 209 1110 2358 601 4439 2365 2366
3961: 42 2757 39
3963: 42 36 37 39
3964: 42 36 37 39
3965: 489
3971: 2593 42 37 39
3973: 209 210 164 42
3978: 4400 425 4435
3979: 433 3026 851 147 3868
3984: 384 36 37 39 42
3985: 42 36 37 39
3988: 210 164 42
3989: 42 36 37 39
3992: 36 37 39 42 4536
3997: 42 3685
4000: 425
4001: 425
4005: 42 36 37 39
4008: 4390 4393 42 1228 209 210 1234 436 3956 2325
4010: 425
4011: 258 36 37 39 42
4013: 164 39 42 209 210
4016: 0
4018: 4902 4903 4904 4905 4906 4908 909 4911 1073 4914 4915 4918
4020: 42 36 37 39
4021: 3 36 37 39 489 42
4023: 42 164 39 1799
4025: 0 946 3215
4026: 42 36 37 39
4027: 5194 2699 1300
4028: 42 39
4029: 425
4031: 425
4032: 42 36 37 39
4033: 425
4035: 257 425 489 1679
4037: 209 210 164 42
4038: 0 1280 3074 2821 909 83 927
4040: 425 290 2842
4044: 425 862
4045: 42 36 37 39
4046: 425 258
4049: 425
4050: 36 37 39 42 4460
4051: 42 36 37 39
4054: 42 36 37
4058: 425
4059: 425
4060: 42 36 37 39
4061: 425 258
4063: 89 42 1901 39
4065: 597 1565
4066: 37 39 1545 1546 42 3671 2109 862
4068: 210 42
4069: 425
4074: 42 36 37 39
4077: 3 42 209 210 89 2333
4078: 425
4085: 4696 258 936
4086: 425
4087: 425
4088: 425
4090: 2024 2362 42
4092: 42 36 37 39
4094: 144 425
4096: 425 2117 743
4098: 209 210 3 42
4099: 42 39
4103: 489 42 37 39
4104: 144 425
4108: 0 42 209 210 436 2715
4111: 36 37 39 42 144
4112: 42 36 37 39
4113: 42 36 37 39
4114: 42 36 37 39
4115: 258 36 37 39 42
4116: 144 425
4126: 42 36 37 39
4128: 425
4129: 862
4134: 42 36 37 39
4135: 42 36 37 39
4138: 209 210 3 42
4139: 42 36 37 39
4142: 42 36 37 39
4146: 36 37 39 425 42 4921 4922
4150: 257 2627 4260 4591 4596 4598 1274 1279
4154: 425 2117 2550
4159: 258
4170: 425 5203
4171: 1280 3 164 42 209 210 5203 1279
4172: 425
4174: 489 425
4175: 425
4181: 384 258 36 37 551 39 42 5243
4187: 42 39
4188: 0 425
4193: 425
4194: 425
4197: 42 36 37 39
4199: 42 36 37 39
4203: 537
4206: 489 425
4209: 425
4215: 1503
4216: 39 489 42 1265 3035
4218: 425
4219: 644 37 36 39 42
4220: 3 425 4467 1852
4223: 258 3 2117
4227: 3 36 37 39 42
4236: 42 36 37 39
4243: 42 36 37 39
4245: 0 739 4260 1477 1475 2830 2549 1110 471 472 474
4246: 425
4247: 425
4249: 42 36 37 39
4250: 209 210 164 42
4251: 4065 4066 644 4069 4068 1905 3476 4063
4259: 42 36 37 39
4260: 42 36 37 39
4262: 42 36 37 39
4288: 42 36 37 39
4290: 209 210 164 42
4295: 258 36 37 39 42
4296: 425
4298: 425
4300: 42 36 37 39
4301: 42 36 37 39
4302: 0 258 37 39 42 144 791
4305: 1280 327 210 1592 1274 1279
4309: 489 425
4314: 144 42 36
4316: 3 42 209 210 89
4318: 489 425
4323: 425
4324: 3 164 489 42 209 210
4325: 0 1280 1160 436 1274 446 1279
4327: 42 36 37 39
4328: 144
4330: 2493 4583
4332: 425
4333: 425 2842 2718
4344: 425
4345: 425
4348: 164 42 144 209 210
4354: 425
4356: 2449 2159
4366: 425
4367: 209 210 164 42
4368: 36 37 39 42 3088
4370: 42 36 37 39
4371: 425
4373: 42 36 37 39
4375: 42 36 37 39
4376: 42 36 37 39
4383: 425
4384: 1799
4386: 425
4390: 42 36 37 39
4393: 425 420
4394: 3 36 37 39 42
4397: 425 2116
4400: 0 425
4404: 42 36 37 39
4405: 42 36 37 39
4406: 36 37 39 42 1594
4409: 425
4414: 36 37
4415: 425
4420: 425
4422: 42 36 37 39
4428: 144 42 39
4429: 3 39 489 42 3728
4434: 258 42 37 39
4435: 3568 489 909
4436: 42 36 37 39
4439: 425 489 3
4441: 209 210 42
4443: 425
4444: 489 1205 257
4446: 36 37 39 42 144
4447: 0 1280 446 2821 42 909 209 210 1274 862 1279
4451: 164 489 42 210 3485
4454: 42 36 37 39
4455: 42 644 36 39
4457: 425
4459: 42 36 37 39
4460: 42 37 39
4462: 42 36 37 39
4465: 898 36 37 39 42 2549
4467: 5041 2434
4468: 42 36 37 39
4469: 37 5159 39 5162 5163 5164 5165 42 5169 667
4473: 42 36 37 39
4476: 164 42 209 210 383
4477: 42 36 37 39
4479: 42 36 37 39
4481: 0 42 996 39
4482: 3568 3353 258
4484: 42 36 37 39
4489: 425
4491: 425
4493: 258 36 37 39 42
4500: 144
4501: 2499 37 39 489 42 144
4502: 425
4504: 425
4509: 42 39
4513: 42 39
4515: 42 36 37 39
4518: 425
4523: 42 36 37 39
4528: 425 2687
4535: 3483
4536: 3 36 37 39 42
4537: 42 36 37 39
4540: 3 862
4542: 42 36 37 39
4544: 42 36 37 39
4546: 42 209 210 851 383
4547: 1549
4554: 89 489 3
4556: 42 3668
4557: 209 210 164 42
4559: 0 36 37 39 425 42
4561: 89 489
4562: 425
4564: 425
4565: 144 425 4682
4566: 5030 4142 383
4570: 209 210 3 42
4571: 36 37 39 42 912
4575: 42 36 37 39
4581: 42 36 37 39
4583: 425
4585: 36 37 39 425 42
4591: 42 36 37 39
4596: 425
4603: 3 36 37 39 489 42
4604: 425
4607: 42 36 37 39
4609: 3 425 2931
4611: 425
4612: 931 489 42 209 210 762
4613: 425
4614: 257 659 3211 287
4618: 36 37 39 489 42
4624: 4513 4515 4518 4523 144 4528 371 4509
4625: 425
4638: 42 36 37 39
4640: 384 1280 551
4644: 644 37 36 39 42
4648: 258
4651: 425
4655: 42 36 37 39
4657: 425
4662: 36 37 39 42 1390 143 5243
4663: 42 36 37 39
4675: 425
4682: 425
4684: 489 425
4687: 42 164 39
4688: 489
4690: 1010 1394 1014
4691: 42 36 37 39
4692: 36 37 39 42 144 2482 4765
4696: 42 36 37 39
4704: 425
4705: 739 39 42 912 913 914 734
4709: 140 862
4712: 42 36 37 39
4714: 257 149 4439
4719: 42 36 37 39
4721: 42 36 37 39
4723: 620
4727: 425
4737: 425
4740: 425 258
4741: 42 36 37 39
4745: 258 3 3830
4746: 257 425
4761: 425
4762: 425
4763: 425
4765: 425
4771: 425
4772: 42 36 37 39
4773: 36 37 39 42 282
4777: 1265 425
4779: 4640 738 1545 1546 4636 4638 863
4781: 425 766
4782: 39 42 1010 89 3868
4784: 36 37 39 489 42
4790: 209 210 164 42
4792: 36 37 39 489 42
4802: 425
4807: 931 164 42 209 210 371
4809: 425
4810: 0 164 39
4813: 425
4816: 425 551
4817: 42 36 37 39
4826: 144 42 39
4833: 425
4836: 42 39
4837: 42 36 37 39
4839: 425
4841: 601 258 425
4845: 4682
4848: 37 39 551 489 42 862
4849: 0 4882 42
4866: 425
4873: 2501 3526 1807 3569 3830
4875: 1482 327
4882: 644
4893: 425
4900: 425
4901: 425
4902: 425 258
4903: 1280 2821 144 1274 446 1279
4904: 3 164 42 209 210
4905: 425
4906: 143 77 1565 551
4908: 425
4911: 1280 3779 1285 39 42 144 1274 1279
4914: 425
4915: 0 36 37 39 42
4918: 425
4921: 644 164 42 209 210 1279
4922: 36 37 39 425 42 1870 601
4923: 0 3207 5207
4925: 42
4926: 425
4935: 489
4942: 144 425 290 383
4950: 39 1546 42 144 149 89 5243 734
4952: 144 257 898 425
4954: 42 36 37 39
4957: 258 36 37 144 383
4959: 209 210 42
4960: 0 36 37 39 42
4967: 45
4968: 258 36 37 39 42
4969: 425
4972: 425
4973: 3
4975: 425 258
4978: 425
4982: 36 37 39 42 144
4983: 42 36 37 39
4986: 2720 4777 738 1919
4987: 258 36 325 37 39 42 1592
4989: 42 36 37 39
4993: 3 36 37 39 42 3516
5001: 634 2252
5002: 425 618 822
5011: 210 3
5015: 425
5019: 42 36 37 39
5027: 42 36 37 39
5030: 644 164 3658 42 209 210
5031: 209 210 164 42
5033: 425
5036: 258 164 42 39
5041: 42 36 37 39
5046: 3 39 42 371 851 862
5049: 36 37 39 42 3671
5052: 89 42 39
5057: 144 425
5067: 209 210 42
5068: 0 164 42 209 210
5071: 36 37 39 42 144
5083: 425
5084: 384 739 4142 143 2255 279 1274
5090: 425
5092: 425 5212
5093: 425
5094: 36 37 39 42 144
5095: 258 36 37 39 42
5098: 143
5101: 36 37 39 551 42 143 144
5102: 489 425
5107: 36 37 39 42 77 2365
5114: 1352 425
5115: 425
5117: 42 36 37 39
5120: 425
5121: 425
5123: 42 36 37 39
5129: 425 3526
5131: 425
5135: 425
5136: 425
5137: 258 3 39 42 144 89
5138: 42 36 37 39
5140: 0 36 37 39 42
5144: 209 210 164 42
5145: 425
5148: 290
5149: 42 36 37 39
5150: 209 210 164 42
5152: 425 3 620
5159: 425
5162: 42 36 37 39
5164: 425
5165: 42 36 37 39
5169: 425
5171: 164 42 209 210 1279
5173: 42 36 37 39
5177: 425
5178: 42 36 37 39
5181: 489 425
5183: 2593 164 42 209 210
5187: 36 37 39 551 42 537
5191: 36 37 39 42 1870 144 1977 1978
5192: 3150
5194: 42 36 37 39
5199: 42 36 37 39
5203: 3 1479 425 4138 4051
5205: 89
5207: 42 36 37 39
5212: 0 3 164 42 209 210 2548
5216: 42 36 37 39
5222: 37 39 42 304 383
5224: 0 89 3203
5226: 644 293 42 209 210 438
5233: 209 210 42 1165
5236: 931 3076 39 42 1279
5237: 209 210 164 42
5238: 3594 42 2412 433 434 209 210 438 446
5240: 1648 1730 3 3743
5243: 144 654
5248: 42 37 39
5249: 1280 164 1285 42 209 210
5250: 209 210 164 42
5255: 144 1085
5259: 3064 489 2117
5264: 384 225 164 39 42 1165 1265 851
5269: 164 42 209 210 89
5273: 210 164 42
5274: 489 42 164 39
243: 42 36 37
316: 36 632 731 732 734
532: 164 1349 1350 1351 39 1352
604: 1730 37 1581 39
901: 2153 2154 2155
935: 624 420
1385: 42 39
1389: 27 29
1522: 4016 3988 3989
1605: 36 4390 4134 4393 2580 1240
1710: 5001 5002 1971
1718: 5114 5115 42 2981
1983: 36 37 862 2548 2358 734
2080: 2424 3516 2109 334
2123: 446 862 4444 4445 4446 4447
2175: 3038 734 927
2436: 4348 39 1279
2479: 3 2956
2544: 74 36 37 39
2556: 857 3 164
2657: 1565 39
2720: 42 36 37
2761: 909 862 39
2809: 857 1110 1285 2366
2926: 851
3165: 42 3356 3358
3184: 143
3206: 39
3210: 36 37
3360: 1248 36 37 39
3433: 1249 37 39
3474: 209 210 42
3495: 4625
3575: 4720
3850: 36
4257: 36 37 39
4283: 36
4360: 4260 1545 42 4142 89
4486: 2109 862
4605: 425 42 164 36
4775: 37 39
4800: 1280 42 3 1940
4872: 36 37 42 209 210
5021: 36 4142 3255
5163: 4260 39 1551
5208: 39
5217: 36 37
